3996.35878	0.10324
3994.43003	0.10292
3992.50129	0.10258
3990.57255	0.10221
3988.64380	0.10185
3986.71506	0.10154
3984.78631	0.10122
3982.85757	0.10079
3980.92882	0.10033
3979.00008	0.09998
3977.07133	0.09973
3975.14259	0.09953
3973.21384	0.09939
3971.28510	0.09934
3969.35636	0.09941
3967.42761	0.09953
3965.49887	0.09965
3963.57012	0.09977
3961.64138	0.10000
3959.71263	0.10032
3957.78389	0.10065
3955.85514	0.10100
3953.92640	0.10133
3951.99765	0.10162
3950.06891	0.10197
3948.14016	0.10252
3946.21142	0.10303
3944.28268	0.10342
3942.35393	0.10401
3940.42519	0.10468
3938.49644	0.10520
3936.56770	0.10557
3934.63895	0.10582
3932.71021	0.10613
3930.78146	0.10666
3928.85272	0.10707
3926.92397	0.10716
3924.99523	0.10727
3923.06649	0.10751
3921.13774	0.10756
3919.20900	0.10743
3917.28025	0.10751
3915.35151	0.10772
3913.42276	0.10772
3911.49402	0.10751
3909.56527	0.10717
3907.63653	0.10655
3905.70778	0.10573
3903.77904	0.10509
3901.85029	0.10486
3899.92155	0.10486
3897.99281	0.10492
3896.06406	0.10478
3894.13532	0.10436
3892.20657	0.10394
3890.27783	0.10374
3888.34908	0.10354
3886.42034	0.10326
3884.49159	0.10298
3882.56285	0.10258
3880.63410	0.10227
3878.70536	0.10227
3876.77662	0.10215
3874.84787	0.10175
3872.91913	0.10127
3870.99038	0.10095
3869.06164	0.10101
3867.13289	0.10110
3865.20415	0.10100
3863.27540	0.10112
3861.34666	0.10143
3859.41791	0.10143
3857.48917	0.10098
3855.56042	0.10011
3853.63168	0.09984
3851.70294	0.10131
3849.77419	0.10231
3847.84545	0.10256
3845.91670	0.10246
3843.98796	0.10217
3842.05921	0.10175
3840.13047	0.10147
3838.20172	0.10207
3836.27298	0.10308
3834.34423	0.10342
3832.41549	0.10345
3830.48675	0.10355
3828.55800	0.10355
3826.62926	0.10351
3824.70051	0.10330
3822.77177	0.10288
3820.84302	0.10320
3818.91428	0.10385
3816.98553	0.10410
3815.05679	0.10460
3813.12804	0.10494
3811.19930	0.10476
3809.27055	0.10437
3807.34181	0.10418
3805.41307	0.10417
3803.48432	0.10390
3801.55558	0.10381
3799.62683	0.10427
3797.69809	0.10460
3795.76934	0.10492
3793.84060	0.10529
3791.91185	0.10552
3789.98311	0.10567
3788.05436	0.10570
3786.12562	0.10574
3784.19687	0.10596
3782.26813	0.10625
3780.33939	0.10663
3778.41064	0.10711
3776.48190	0.10752
3774.55315	0.10776
3772.62441	0.10794
3770.69566	0.10822
3768.76692	0.10876
3766.83817	0.10944
3764.90943	0.11016
3762.98068	0.11078
3761.05194	0.11122
3759.12320	0.11199
3757.19445	0.11299
3755.26571	0.11348
3753.33696	0.11352
3751.40822	0.11405
3749.47947	0.11597
3747.55073	0.11715
3745.62198	0.11808
3743.69324	0.12019
3741.76449	0.12193
3739.83575	0.12259
3737.90700	0.12281
3735.97826	0.12355
3734.04952	0.12527
3732.12077	0.12695
3730.19203	0.12772
3728.26328	0.12804
3726.33454	0.12865
3724.40579	0.12983
3722.47705	0.13132
3720.54830	0.13280
3718.61956	0.13419
3716.69081	0.13522
3714.76207	0.13581
3712.83333	0.13655
3710.90458	0.13860
3708.97584	0.14139
3707.04709	0.14345
3705.11835	0.14522
3703.18960	0.14740
3701.26086	0.15069
3699.33211	0.15429
3697.40337	0.15773
3695.47462	0.16145
3693.54588	0.16514
3691.61713	0.16960
3689.68839	0.17728
3687.75965	0.18686
3685.83090	0.19449
3683.90216	0.20148
3681.97341	0.20948
3680.04467	0.21838
3678.11592	0.22797
3676.18718	0.24262
3674.25843	0.26185
3672.32969	0.27486
3670.40094	0.29028
3668.47220	0.31160
3666.54346	0.32770
3664.61471	0.34153
3662.68597	0.35685
3660.75722	0.37270
3658.82848	0.38784
3656.89973	0.40484
3654.97099	0.42253
3653.04224	0.43481
3651.11350	0.44630
3649.18475	0.46737
3647.25601	0.49098
3645.32726	0.50462
3643.39852	0.51510
3641.46978	0.52671
3639.54103	0.53918
3637.61229	0.55115
3635.68354	0.56246
3633.75480	0.57324
3631.82605	0.58240
3629.89731	0.59331
3627.96856	0.61019
3626.03982	0.62227
3624.11107	0.62947
3622.18233	0.63638
3620.25359	0.64577
3618.32484	0.65818
3616.39610	0.66839
3614.46735	0.67709
3612.53861	0.68689
3610.60986	0.69627
3608.68112	0.70611
3606.75237	0.71732
3604.82363	0.72633
3602.89488	0.73401
3600.96614	0.74324
3599.03739	0.75330
3597.10865	0.76287
3595.17991	0.77313
3593.25116	0.78406
3591.32242	0.79248
3589.39367	0.80034
3587.46493	0.81329
3585.53618	0.82750
3583.60744	0.83724
3581.67869	0.84585
3579.74995	0.85580
3577.82120	0.86640
3575.89246	0.87719
3573.96372	0.88793
3572.03497	0.89726
3570.10623	0.90518
3568.17748	0.91565
3566.24874	0.93238
3564.31999	0.94619
3562.39125	0.95537
3560.46250	0.96497
3558.53376	0.97543
3556.60501	0.98526
3554.67627	0.99475
3552.74752	1.00611
3550.81878	1.01758
3548.89004	1.02687
3546.96129	1.03691
3545.03255	1.04958
3543.10380	1.06130
3541.17506	1.07025
3539.24631	1.07855
3537.31757	1.08794
3535.38882	1.09840
3533.46008	1.10759
3531.53133	1.11539
3529.60259	1.12415
3527.67385	1.13397
3525.74510	1.14355
3523.81636	1.15289
3521.88761	1.16228
3519.95887	1.17041
3518.03012	1.17794
3516.10138	1.18577
3514.17263	1.19301
3512.24389	1.20006
3510.31514	1.20800
3508.38640	1.21636
3506.45765	1.22268
3504.52891	1.22878
3502.60017	1.23743
3500.67142	1.24533
3498.74268	1.25090
3496.81393	1.25650
3494.88519	1.26314
3492.95644	1.26905
3491.02770	1.27410
3489.09895	1.27958
3487.17021	1.28534
3485.24146	1.29034
3483.31272	1.29492
3481.38398	1.30086
3479.45523	1.30651
3477.52649	1.31060
3475.59774	1.31474
3473.66900	1.31939
3471.74025	1.32365
3469.81151	1.32713
3467.88276	1.33091
3465.95402	1.33476
3464.02527	1.33823
3462.09653	1.34160
3460.16778	1.34489
3458.23904	1.34796
3456.31030	1.35083
3454.38155	1.35378
3452.45281	1.35609
3450.52406	1.35752
3448.59532	1.35933
3446.66657	1.36282
3444.73783	1.36622
3442.80908	1.36811
3440.88034	1.36969
3438.95159	1.37097
3437.02285	1.37218
3435.09411	1.37332
3433.16536	1.37434
3431.23662	1.37560
3429.30787	1.37677
3427.37913	1.37762
3425.45038	1.37780
3423.52164	1.37772
3421.59289	1.37823
3419.66415	1.37929
3417.73540	1.37971
3415.80666	1.37941
3413.87791	1.37924
3411.94917	1.37892
3410.02043	1.37842
3408.09168	1.37782
3406.16294	1.37718
3404.23419	1.37647
3402.30545	1.37554
3400.37670	1.37454
3398.44796	1.37353
3396.51921	1.37257
3394.59047	1.37139
3392.66172	1.37035
3390.73298	1.36923
3388.80424	1.36753
3386.87549	1.36583
3384.94675	1.36447
3383.01800	1.36330
3381.08926	1.36172
3379.16051	1.35976
3377.23177	1.35775
3375.30302	1.35573
3373.37428	1.35376
3371.44553	1.35166
3369.51679	1.34935
3367.58804	1.34695
3365.65930	1.34482
3363.73056	1.34289
3361.80181	1.34084
3359.87307	1.33856
3357.94432	1.33607
3356.01558	1.33366
3354.08683	1.33123
3352.15809	1.32868
3350.22934	1.32601
3348.30060	1.32324
3346.37185	1.32041
3344.44311	1.31757
3342.51437	1.31491
3340.58562	1.31226
3338.65688	1.30949
3336.72813	1.30684
3334.79939	1.30446
3332.87064	1.30203
3330.94190	1.29942
3329.01315	1.29682
3327.08441	1.29434
3325.15566	1.29194
3323.22692	1.28954
3321.29817	1.28727
3319.36943	1.28521
3317.44069	1.28326
3315.51194	1.28139
3313.58320	1.27965
3311.65445	1.27810
3309.72571	1.27670
3307.79696	1.27545
3305.86822	1.27406
3303.93947	1.27240
3302.01073	1.27072
3300.08198	1.26923
3298.15324	1.26790
3296.22450	1.26653
3294.29575	1.26506
3292.36701	1.26365
3290.43826	1.26216
3288.50952	1.26041
3286.58077	1.25853
3284.65203	1.25668
3282.72328	1.25483
3280.79454	1.25284
3278.86579	1.25065
3276.93705	1.24843
3275.00830	1.24625
3273.07956	1.24403
3271.15082	1.24169
3269.22207	1.23921
3267.29333	1.23670
3265.36458	1.23434
3263.43584	1.23219
3261.50709	1.23014
3259.57835	1.22819
3257.64960	1.22635
3255.72086	1.22458
3253.79211	1.22277
3251.86337	1.22087
3249.93463	1.21903
3248.00588	1.21730
3246.07714	1.21556
3244.14839	1.21373
3242.21965	1.21186
3240.29090	1.21001
3238.36216	1.20824
3236.43341	1.20653
3234.50467	1.20474
3232.57592	1.20284
3230.64718	1.20080
3228.71843	1.19878
3226.78969	1.19697
3224.86095	1.19520
3222.93220	1.19334
3221.00346	1.19158
3219.07471	1.18988
3217.14597	1.18784
3215.21722	1.18564
3213.28848	1.18367
3211.35973	1.18183
3209.43099	1.18008
3207.50224	1.17838
3205.57350	1.17653
3203.64476	1.17437
3201.71601	1.17198
3199.78727	1.16961
3197.85852	1.16745
3195.92978	1.16520
3194.00103	1.16262
3192.07229	1.16000
3190.14354	1.15740
3188.21480	1.15450
3186.28605	1.15112
3184.35731	1.14748
3182.42856	1.14370
3180.49982	1.13973
3178.57108	1.13562
3176.64233	1.13137
3174.71359	1.12698
3172.78484	1.12258
3170.85610	1.11838
3168.92735	1.11445
3166.99861	1.11074
3165.06986	1.10713
3163.14112	1.10369
3161.21237	1.10047
3159.28363	1.09740
3157.35488	1.09446
3155.42614	1.09152
3153.49740	1.08841
3151.56865	1.08505
3149.63991	1.08143
3147.71116	1.07772
3145.78242	1.07404
3143.85367	1.07054
3141.92493	1.06738
3139.99618	1.06454
3138.06744	1.06187
3136.13869	1.05941
3134.20995	1.05756
3132.28121	1.05661
3130.35246	1.05638
3128.42372	1.05683
3126.49497	1.05830
3124.56623	1.06101
3122.63748	1.06499
3120.70874	1.07003
3118.77999	1.07582
3116.85125	1.08244
3114.92250	1.08986
3112.99376	1.09771
3111.06501	1.10569
3109.13627	1.11355
3107.20753	1.12081
3105.27878	1.12703
3103.35004	1.13221
3101.42129	1.13634
3099.49255	1.13876
3097.56380	1.13900
3095.63506	1.13743
3093.70631	1.13466
3091.77757	1.13133
3089.84882	1.12846
3087.92008	1.12725
3085.99134	1.12873
3084.06259	1.13337
3082.13385	1.14119
3080.20510	1.15180
3078.27636	1.16403
3076.34761	1.17639
3074.41887	1.18748
3072.49012	1.19588
3070.56138	1.20015
3068.63263	1.19949
3066.70389	1.19382
3064.77514	1.18380
3062.84640	1.17090
3060.91766	1.15659
3058.98891	1.14202
3057.06017	1.12805
3055.13142	1.11546
3053.20268	1.10533
3051.27393	1.09879
3049.34519	1.09644
3047.41644	1.09752
3045.48770	1.09957
3043.55895	1.09917
3041.63021	1.09301
3039.70147	1.07938
3037.77272	1.05917
3035.84398	1.03502
3033.91523	1.01004
3031.98649	0.98677
3030.05774	0.96688
3028.12900	0.95091
3026.20025	0.93835
3024.27151	0.92841
3022.34276	0.92051
3020.41402	0.91421
3018.48527	0.90913
3016.55653	0.90499
3014.62779	0.90156
3012.69904	0.89861
3010.77030	0.89597
3008.84155	0.89356
3006.91281	0.89140
3004.98406	0.88949
3003.05532	0.88770
3001.12657	0.88585
2999.19783	0.88389
2997.26908	0.88165
2995.34034	0.87906
2993.41160	0.87618
2991.48285	0.87301
2989.55411	0.86955
2987.62536	0.86604
2985.69662	0.86266
2983.76787	0.85950
2981.83913	0.85657
2979.91038	0.85389
2977.98164	0.85145
2976.05289	0.84937
2974.12415	0.84768
2972.19540	0.84631
2970.26666	0.84528
2968.33792	0.84464
2966.40917	0.84438
2964.48043	0.84440
2962.55168	0.84463
2960.62294	0.84503
2958.69419	0.84566
2956.76545	0.84661
2954.83670	0.84788
2952.90796	0.84935
2950.97921	0.85091
2949.05047	0.85266
2947.12173	0.85464
2945.19298	0.85656
2943.26424	0.85816
2941.33549	0.85934
2939.40675	0.86006
2937.47800	0.86026
2935.54926	0.85992
2933.62051	0.85909
2931.69177	0.85775
2929.76302	0.85581
2927.83428	0.85322
2925.90553	0.85017
2923.97679	0.84671
2922.04805	0.84283
2920.11930	0.83864
2918.19056	0.83435
2916.26181	0.83008
2914.33307	0.82594
2912.40432	0.82208
2910.47558	0.81858
2908.54683	0.81557
2906.61809	0.81320
2904.68934	0.81145
2902.76060	0.81024
2900.83186	0.80951
2898.90311	0.80926
2896.97437	0.80937
2895.04562	0.80959
2893.11688	0.80965
2891.18813	0.80942
2889.25939	0.80880
2887.33064	0.80770
2885.40190	0.80612
2883.47315	0.80415
2881.54441	0.80202
2879.61566	0.79987
2877.68692	0.79778
2875.75818	0.79584
2873.82943	0.79401
2871.90069	0.79204
2869.97194	0.78972
2868.04320	0.78707
2866.11445	0.78414
2864.18571	0.78097
2862.25696	0.77766
2860.32822	0.77424
2858.39947	0.77063
2856.47073	0.76685
2854.54199	0.76290
2852.61324	0.75877
2850.68450	0.75451
2848.75575	0.75026
2846.82701	0.74608
2844.89826	0.74207
2842.96952	0.73844
2841.04077	0.73530
2839.11203	0.73255
2837.18328	0.73004
2835.25454	0.72771
2833.32579	0.72552
2831.39705	0.72336
2829.46831	0.72122
2827.53956	0.71908
2825.61082	0.71696
2823.68207	0.71485
2821.75333	0.71276
2819.82458	0.71073
2817.89584	0.70882
2815.96709	0.70708
2814.03835	0.70557
2812.10960	0.70429
2810.18086	0.70316
2808.25212	0.70208
2806.32337	0.70098
2804.39463	0.69983
2802.46588	0.69856
2800.53714	0.69711
2798.60839	0.69538
2796.67965	0.69332
2794.75090	0.69102
2792.82216	0.68860
2790.89341	0.68621
2788.96467	0.68384
2787.03592	0.68150
2785.10718	0.67925
2783.17844	0.67715
2781.24969	0.67514
2779.32095	0.67319
2777.39220	0.67131
2775.46346	0.66950
2773.53471	0.66774
2771.60597	0.66610
2769.67722	0.66468
2767.74848	0.66350
2765.81973	0.66254
2763.89099	0.66183
2761.96225	0.66135
2760.03350	0.66099
2758.10476	0.66064
2756.17601	0.66021
2754.24727	0.65970
2752.31852	0.65910
2750.38978	0.65842
2748.46103	0.65756
2746.53229	0.65644
2744.60354	0.65509
2742.67480	0.65359
2740.74605	0.65200
2738.81731	0.65036
2736.88857	0.64861
2734.95982	0.64678
2733.03108	0.64492
2731.10233	0.64309
2729.17359	0.64129
2727.24484	0.63953
2725.31610	0.63773
2723.38735	0.63587
2721.45861	0.63397
2719.52986	0.63206
2717.60112	0.63013
2715.67238	0.62818
2713.74363	0.62620
2711.81489	0.62425
2709.88614	0.62234
2707.95740	0.62047
2706.02865	0.61868
2704.09991	0.61703
2702.17116	0.61556
2700.24242	0.61427
2698.31367	0.61311
2696.38493	0.61205
2694.45618	0.61106
2692.52744	0.61002
2690.59870	0.60893
2688.66995	0.60783
2686.74121	0.60678
2684.81246	0.60576
2682.88372	0.60478
2680.95497	0.60380
2679.02623	0.60270
2677.09748	0.60141
2675.16874	0.59999
2673.23999	0.59856
2671.31125	0.59721
2669.38251	0.59601
2667.45376	0.59501
2665.52502	0.59425
2663.59627	0.59370
2661.66753	0.59328
2659.73878	0.59296
2657.81004	0.59272
2655.88129	0.59252
2653.95255	0.59237
2652.02380	0.59224
2650.09506	0.59215
2648.16631	0.59213
2646.23757	0.59220
2644.30883	0.59238
2642.38008	0.59272
2640.45134	0.59329
2638.52259	0.59410
2636.59385	0.59512
2634.66510	0.59632
2632.73636	0.59773
2630.80761	0.59932
2628.87887	0.60103
2626.95012	0.60278
2625.02138	0.60449
2623.09264	0.60611
2621.16389	0.60761
2619.23515	0.60896
2617.30640	0.61014
2615.37766	0.61116
2613.44891	0.61203
2611.52017	0.61273
2609.59142	0.61318
2607.66268	0.61326
2605.73393	0.61292
2603.80519	0.61215
2601.87644	0.61099
2599.94770	0.60949
2598.01896	0.60773
2596.09021	0.60582
2594.16147	0.60384
2592.23272	0.60186
2590.30398	0.59994
2588.37523	0.59812
2586.44649	0.59640
2584.51774	0.59471
2582.58900	0.59301
2580.66025	0.59131
2578.73151	0.58959
2576.80277	0.58789
2574.87402	0.58618
2572.94528	0.58444
2571.01653	0.58265
2569.08779	0.58075
2567.15904	0.57868
2565.23030	0.57635
2563.30155	0.57372
2561.37281	0.57084
2559.44406	0.56781
2557.51532	0.56471
2555.58657	0.56167
2553.65783	0.55883
2551.72909	0.55629
2549.80034	0.55413
2547.87160	0.55237
2545.94285	0.55103
2544.01411	0.55012
2542.08536	0.54957
2540.15662	0.54931
2538.22787	0.54924
2536.29913	0.54932
2534.37038	0.54950
2532.44164	0.54974
2530.51289	0.54994
2528.58415	0.55011
2526.65541	0.55030
2524.72666	0.55057
2522.79792	0.55095
2520.86917	0.55142
2518.94043	0.55188
2517.01168	0.55216
2515.08294	0.55208
2513.15419	0.55148
2511.22545	0.55027
2509.29670	0.54847
2507.36796	0.54625
2505.43922	0.54392
2503.51047	0.54178
2501.58173	0.54001
2499.65298	0.53868
2497.72424	0.53780
2495.79549	0.53738
2493.86675	0.53745
2491.93800	0.53800
2490.00926	0.53904
2488.08051	0.54059
2486.15177	0.54259
2484.22302	0.54490
2482.29428	0.54730
2480.36554	0.54957
2478.43679	0.55154
2476.50805	0.55322
2474.57930	0.55472
2472.65056	0.55619
2470.72181	0.55777
2468.79307	0.55954
2466.86432	0.56151
2464.93558	0.56363
2463.00683	0.56588
2461.07809	0.56827
2459.14935	0.57079
2457.22060	0.57339
2455.29186	0.57603
2453.36311	0.57869
2451.43437	0.58135
2449.50562	0.58402
2447.57688	0.58668
2445.64813	0.58937
2443.71939	0.59205
2441.79064	0.59470
2439.86190	0.59726
2437.93315	0.59969
2436.00441	0.60190
2434.07567	0.60377
2432.14692	0.60513
2430.21818	0.60575
2428.28943	0.60545
2426.36069	0.60406
2424.43194	0.60153
2422.50320	0.59794
2420.57445	0.59353
2418.64571	0.58862
2416.71696	0.58356
2414.78822	0.57866
2412.85948	0.57417
2410.93073	0.57027
2409.00199	0.56708
2407.07324	0.56461
2405.14450	0.56285
2403.21575	0.56172
2401.28701	0.56112
2399.35826	0.56096
2397.42952	0.56114
2395.50077	0.56153
2393.57203	0.56195
2391.64328	0.56225
2389.71454	0.56221
2387.78580	0.56162
2385.85705	0.56032
2383.92831	0.55825
2381.99956	0.55549
2380.07082	0.55224
2378.14207	0.54876
2376.21333	0.54515
2374.28458	0.54136
2372.35584	0.53729
2370.42709	0.53293
2368.49835	0.52842
2366.56961	0.52400
2364.64086	0.51993
2362.71212	0.51646
2360.78337	0.51382
2358.85463	0.51233
2356.92588	0.51228
2354.99714	0.51363
2353.06839	0.51601
2351.13965	0.51859
2349.21090	0.52024
2347.28216	0.52065
2345.35341	0.52056
2343.42467	0.52104
2341.49593	0.52209
2339.56718	0.52315
2337.63844	0.52399
2335.70969	0.52451
2333.78095	0.52468
2331.85220	0.52476
2329.92346	0.52528
2327.99471	0.52634
2326.06597	0.52765
2324.13722	0.52914
2322.20848	0.53092
2320.27974	0.53296
2318.35099	0.53489
2316.42225	0.53633
2314.49350	0.53719
2312.56476	0.53760
2310.63601	0.53780
2308.70727	0.53799
2306.77852	0.53831
2304.84978	0.53877
2302.92103	0.53931
2300.99229	0.53992
2299.06354	0.54059
2297.13480	0.54128
2295.20606	0.54193
2293.27731	0.54250
2291.34857	0.54295
2289.41982	0.54326
2287.49108	0.54344
2285.56233	0.54351
2283.63359	0.54351
2281.70484	0.54346
2279.77610	0.54345
2277.84735	0.54351
2275.91861	0.54361
2273.98987	0.54373
2272.06112	0.54383
2270.13238	0.54390
2268.20363	0.54393
2266.27489	0.54391
2264.34614	0.54386
2262.41740	0.54373
2260.48865	0.54352
2258.55991	0.54327
2256.63116	0.54302
2254.70242	0.54280
2252.77367	0.54259
2250.84493	0.54241
2248.91619	0.54227
2246.98744	0.54217
2245.05870	0.54211
2243.12995	0.54210
2241.20121	0.54216
2239.27246	0.54231
2237.34372	0.54254
2235.41497	0.54282
2233.48623	0.54311
2231.55748	0.54337
2229.62874	0.54359
2227.70000	0.54374
2225.77125	0.54382
2223.84251	0.54384
2221.91376	0.54384
2219.98502	0.54384
2218.05627	0.54381
2216.12753	0.54374
2214.19878	0.54360
2212.27004	0.54340
2210.34129	0.54313
2208.41255	0.54277
2206.48380	0.54231
2204.55506	0.54181
2202.62632	0.54129
2200.69757	0.54076
2198.76883	0.54022
2196.84008	0.53975
2194.91134	0.53940
2192.98259	0.53918
2191.05385	0.53908
2189.12510	0.53906
2187.19636	0.53908
2185.26761	0.53908
2183.33887	0.53902
2181.41013	0.53889
2179.48138	0.53869
2177.55264	0.53845
2175.62389	0.53816
2173.69515	0.53778
2171.76640	0.53728
2169.83766	0.53667
2167.90891	0.53604
2165.98017	0.53544
2164.05142	0.53488
2162.12268	0.53432
2160.19393	0.53375
2158.26519	0.53321
2156.33645	0.53273
2154.40770	0.53236
2152.47896	0.53211
2150.55021	0.53199
2148.62147	0.53202
2146.69272	0.53222
2144.76398	0.53262
2142.83523	0.53320
2140.90649	0.53390
2138.97774	0.53475
2137.04900	0.53576
2135.12026	0.53693
2133.19151	0.53820
2131.26277	0.53952
2129.33402	0.54083
2127.40528	0.54213
2125.47653	0.54341
2123.54779	0.54469
2121.61904	0.54596
2119.69030	0.54722
2117.76155	0.54849
2115.83281	0.54978
2113.90406	0.55101
2111.97532	0.55215
2110.04658	0.55315
2108.11783	0.55399
2106.18909	0.55462
2104.26034	0.55505
2102.33160	0.55536
2100.40285	0.55566
2098.47411	0.55603
2096.54536	0.55655
2094.61662	0.55730
2092.68787	0.55831
2090.75913	0.55966
2088.83039	0.56141
2086.90164	0.56359
2084.97290	0.56620
2083.04415	0.56920
2081.11541	0.57250
2079.18666	0.57589
2077.25792	0.57904
2075.32917	0.58149
2073.40043	0.58277
2071.47168	0.58268
2069.54294	0.58128
2067.61419	0.57898
2065.68545	0.57638
2063.75671	0.57408
2061.82796	0.57247
2059.89922	0.57165
2057.97047	0.57167
2056.04173	0.57254
2054.11298	0.57425
2052.18424	0.57676
2050.25549	0.58002
2048.32675	0.58390
2046.39800	0.58819
2044.46926	0.59268
2042.54052	0.59730
2040.61177	0.60201
2038.68303	0.60664
2036.75428	0.61104
2034.82554	0.61512
2032.89679	0.61862
2030.96805	0.62128
2029.03930	0.62297
2027.11056	0.62360
2025.18181	0.62310
2023.25307	0.62137
2021.32432	0.61847
2019.39558	0.61453
2017.46684	0.60985
2015.53809	0.60502
2013.60935	0.60056
2011.68060	0.59657
2009.75186	0.59298
2007.82311	0.58975
2005.89437	0.58680
2003.96562	0.58405
2002.03688	0.58146
2000.10813	0.57904
1998.17939	0.57685
1996.25065	0.57494
1994.32190	0.57327
1992.39316	0.57182
1990.46441	0.57065
1988.53567	0.56974
1986.60692	0.56901
1984.67818	0.56850
1982.74943	0.56821
1980.82069	0.56815
1978.89194	0.56835
1976.96320	0.56882
1975.03445	0.56954
1973.10571	0.57043
1971.17697	0.57137
1969.24822	0.57224
1967.31948	0.57316
1965.39073	0.57404
1963.46199	0.57481
1961.53324	0.57568
1959.60450	0.57687
1957.67575	0.57844
1955.74701	0.58044
1953.81826	0.58291
1951.88952	0.58578
1949.96078	0.58904
1948.03203	0.59269
1946.10329	0.59661
1944.17454	0.60096
1942.24580	0.60610
1940.31705	0.61135
1938.38831	0.61614
1936.45956	0.62106
1934.53082	0.62624
1932.60207	0.63153
1930.67333	0.63675
1928.74458	0.64173
1926.81584	0.64618
1924.88710	0.64999
1922.95835	0.65338
1921.02961	0.65577
1919.10086	0.65690
1917.17212	0.65727
1915.24337	0.65701
1913.31463	0.65622
1911.38588	0.65522
1909.45714	0.65423
1907.52839	0.65333
1905.59965	0.65254
1903.67090	0.65193
1901.74216	0.65159
1899.81342	0.65153
1897.88467	0.65164
1895.95593	0.65194
1894.02718	0.65232
1892.09844	0.65255
1890.16969	0.65280
1888.24095	0.65327
1886.31220	0.65366
1884.38346	0.65380
1882.45471	0.65360
1880.52597	0.65289
1878.59723	0.65167
1876.66848	0.65010
1874.73974	0.64841
1872.81099	0.64684
1870.88225	0.64556
1868.95350	0.64510
1867.02476	0.64566
1865.09601	0.64655
1863.16727	0.64754
1861.23852	0.64886
1859.30978	0.65043
1857.38103	0.65204
1855.45229	0.65361
1853.52355	0.65518
1851.59480	0.65682
1849.66606	0.65861
1847.73731	0.66057
1845.80857	0.66312
1843.87982	0.66703
1841.95108	0.67099
1840.02233	0.67395
1838.09359	0.67706
1836.16484	0.68069
1834.23610	0.68406
1832.30736	0.68705
1830.37861	0.69084
1828.44987	0.69536
1826.52112	0.69923
1824.59238	0.70335
1822.66363	0.70767
1820.73489	0.71161
1818.80614	0.71585
1816.87740	0.72053
1814.94865	0.72514
1813.01991	0.72974
1811.09116	0.73519
1809.16242	0.74117
1807.23368	0.74669
1805.30493	0.75178
1803.37619	0.75692
1801.44744	0.76299
1799.51870	0.76967
1797.58995	0.77543
1795.66121	0.78015
1793.73246	0.78518
1791.80372	0.79185
1789.87497	0.79754
1787.94623	0.80090
1786.01749	0.80385
1784.08874	0.80705
1782.16000	0.80998
1780.23125	0.81287
1778.30251	0.81543
1776.37376	0.81713
1774.44502	0.81873
1772.51627	0.82166
1770.58753	0.82536
1768.65878	0.82821
1766.73004	0.83072
1764.80129	0.83290
1762.87255	0.83565
1760.94381	0.83968
1759.01506	0.84331
1757.08632	0.84704
1755.15757	0.85081
1753.22883	0.85361
1751.30008	0.85706
1749.37134	0.86252
1747.44259	0.86780
1745.51385	0.87191
1743.58510	0.87590
1741.65636	0.88036
1739.72762	0.88561
1737.79887	0.88988
1735.87013	0.89311
1733.94138	0.89973
1732.01264	0.90772
1730.08389	0.91282
1728.15515	0.91748
1726.22640	0.92199
1724.29766	0.92710
1722.36891	0.93231
1720.44017	0.93632
1718.51142	0.94163
1716.58268	0.95245
1714.65394	0.96231
1712.72519	0.96812
1710.79645	0.97304
1708.86770	0.97787
1706.93896	0.98399
1705.01021	0.99150
1703.08147	0.99691
1701.15272	1.00200
1699.22398	1.01035
1697.29523	1.01844
1695.36649	1.02652
1693.43775	1.03265
1691.50900	1.03726
1689.58026	1.04468
1687.65151	1.05322
1685.72277	1.06464
1683.79402	1.09300
1681.86528	1.12307
1679.93653	1.14503
1678.00779	1.16944
1676.07904	1.20799
1674.15030	1.26527
1672.22155	1.32287
1670.29281	1.40196
1668.36407	1.51968
1666.43532	1.60597
1664.50658	1.66806
1662.57783	1.74756
1660.64909	1.81794
1658.72034	1.84415
1656.79160	1.84487
1654.86285	1.84393
1652.93411	1.87954
1651.00536	1.89831
1649.07662	1.88236
1647.14788	1.88258
1645.21913	1.89401
1643.29039	1.88350
1641.36164	1.86513
1639.43290	1.84677
1637.50415	1.83195
1635.57541	1.82864
1633.64666	1.81815
1631.71792	1.79426
1629.78917	1.76882
1627.86043	1.74527
1625.93168	1.72331
1624.00294	1.70462
1622.07420	1.69229
1620.14545	1.68496
1618.21671	1.69405
1616.28796	1.74595
1614.35922	1.80606
1612.43047	1.83778
1610.50173	1.85973
1608.57298	1.87730
1606.64424	1.88531
1604.71549	1.88614
1602.78675	1.88630
1600.85801	1.88722
1598.92926	1.88630
1597.00052	1.88490
1595.07177	1.88611
1593.14303	1.88774
1591.21428	1.88756
1589.28554	1.88616
1587.35679	1.88336
1585.42805	1.87744
1583.49930	1.86752
1581.57056	1.85248
1579.64181	1.83162
1577.71307	1.80823
1575.78433	1.78050
1573.85558	1.74361
1571.92684	1.69763
1569.99809	1.63026
1568.06935	1.55264
1566.14060	1.48596
1564.21186	1.42449
1562.28311	1.37567
1560.35437	1.32928
1558.42562	1.25054
1556.49688	1.19648
1554.56814	1.16328
1552.63939	1.13055
1550.71065	1.09799
1548.78190	1.06729
1546.85316	1.04351
1544.92441	1.02309
1542.99567	1.00306
1541.06692	0.98378
1539.13818	0.96755
1537.20943	0.95922
1535.28069	0.95387
1533.35194	0.95009
1531.42320	0.94866
1529.49446	0.94909
1527.56571	0.95254
1525.63697	0.96068
1523.70822	0.97223
1521.77948	0.99591
1519.85073	1.02980
1517.92199	1.07018
1515.99324	1.13536
1514.06450	1.21405
1512.13575	1.30181
1510.20701	1.40780
1508.27827	1.55273
1506.34952	1.79633
1504.42078	1.90598
1502.49203	1.90352
1500.56329	1.89445
1498.63454	1.89486
1496.70580	1.90608
1494.77705	1.90840
1492.84831	1.89778
1490.91956	1.89107
1488.99082	1.90315
1487.06207	1.91045
1485.13333	1.90267
1483.20459	1.89461
1481.27584	1.89358
1479.34710	1.89465
1477.41835	1.89137
1475.48961	1.88962
1473.56086	1.89922
1471.63212	1.91542
1469.70337	1.91054
1467.77463	1.88709
1465.84588	1.83538
1463.91714	1.73508
1461.98840	1.62596
1460.05965	1.52303
1458.13091	1.38027
1456.20216	1.22290
1454.27342	1.14848
1452.34467	1.10666
1450.41593	1.07068
1448.48718	1.03754
1446.55844	1.00804
1444.62969	0.98452
1442.70095	0.96465
1440.77220	0.94743
1438.84346	0.93373
1436.91472	0.92280
1434.98597	0.91806
1433.05723	0.92209
1431.12848	0.93956
1429.19974	0.98120
1427.27099	1.04592
1425.34225	1.14095
1423.41350	1.27908
1421.48476	1.42336
1419.55601	1.54677
1417.62727	1.63694
1415.69853	1.65029
1413.76978	1.62265
1411.84104	1.58130
1409.91229	1.53475
1407.98355	1.49002
1406.05480	1.44710
1404.12606	1.40313
1402.19731	1.35852
1400.26857	1.30020
1398.33982	1.22027
1396.41108	1.13259
1394.48233	1.04903
1392.55359	0.98769
1390.62485	0.94930
1388.69610	0.92011
1386.76736	0.89644
1384.83861	0.88196
1382.90987	0.87397
1380.98112	0.86885
1379.05238	0.86542
1377.12363	0.86300
1375.19489	0.86134
1373.26614	0.86029
1371.33740	0.85963
1369.40866	0.85931
1367.47991	0.85961
1365.55117	0.86044
1363.62242	0.86266
1361.69368	0.86739
1359.76493	0.87310
1357.83619	0.87960
1355.90744	0.88838
1353.97870	0.89998
1352.04995	0.91384
1350.12121	0.93040
1348.19246	0.95032
1346.26372	0.97328
1344.33498	0.99887
1342.40623	1.02757
1340.47749	1.06601
1338.54874	1.12045
1336.62000	1.18314
1334.69125	1.25115
1332.76251	1.33054
1330.83376	1.42278
1328.90502	1.52253
1326.97627	1.62019
1325.04753	1.70659
1323.11879	1.77561
1321.19004	1.82612
1319.26130	1.86265
1317.33255	1.88705
1315.40381	1.90002
1313.47506	1.90702
1311.54632	1.91116
1309.61757	1.91295
1307.68883	1.91361
1305.76008	1.91327
1303.83134	1.91019
1301.90259	1.90312
1299.97385	1.89314
1298.04511	1.88495
1296.11636	1.88408
1294.18762	1.89124
1292.25887	1.90271
1290.33013	1.91385
1288.40138	1.92193
1286.47264	1.92667
1284.54389	1.92907
1282.61515	1.93031
1280.68640	1.93094
1278.75766	1.93153
1276.82892	1.93200
1274.90017	1.93213
1272.97143	1.93245
1271.04268	1.93349
1269.11394	1.93478
1267.18519	1.93581
1265.25645	1.93697
1263.32770	1.93774
1261.39896	1.93835
1259.47021	1.93946
1257.54147	1.94028
1255.61272	1.94036
1253.68398	1.94014
1251.75524	1.94033
1249.82649	1.94071
1247.89775	1.94078
1245.96900	1.94046
1244.04026	1.94013
1242.11151	1.94032
1240.18277	1.94069
1238.25402	1.94083
1236.32528	1.94051
1234.39653	1.94007
1232.46779	1.93998
1230.53904	1.94004
1228.61030	1.93979
1226.68156	1.93927
1224.75281	1.93911
1222.82407	1.93907
1220.89532	1.93896
1218.96658	1.93892
1217.03783	1.93838
1215.10909	1.93725
1213.18034	1.93624
1211.25160	1.93564
1209.32285	1.93495
1207.39411	1.93415
1205.46537	1.93333
1203.53662	1.93254
1201.60788	1.93225
1199.67913	1.93261
1197.75039	1.93356
1195.82164	1.93438
1193.89290	1.93461
1191.96415	1.93471
1190.03541	1.93498
1188.10666	1.93505
1186.17792	1.93441
1184.24917	1.93316
1182.32043	1.93118
1180.39169	1.92822
1178.46294	1.92502
1176.53420	1.92259
1174.60545	1.92169
1172.67671	1.92265
1170.74796	1.92523
1168.81922	1.92827
1166.89047	1.93070
1164.96173	1.93204
1163.03298	1.93224
1161.10424	1.93196
1159.17550	1.93177
1157.24675	1.93144
1155.31801	1.93005
1153.38926	1.92759
1151.46052	1.92502
1149.53177	1.92148
1147.60303	1.91332
1145.67428	1.89567
1143.74554	1.86651
1141.81679	1.83058
1139.88805	1.79689
1137.95930	1.77143
1136.03056	1.75461
1134.10182	1.74364
1132.17307	1.73476
1130.24433	1.72502
1128.31558	1.71267
1126.38684	1.69750
1124.45809	1.68165
1122.52935	1.66952
1120.60060	1.66639
1118.67186	1.67428
1116.74311	1.68732
1114.81437	1.69364
1112.88563	1.68576
1110.95688	1.66656
1109.02814	1.64370
1107.09939	1.62342
1105.17065	1.60821
1103.24190	1.59655
1101.31316	1.58385
1099.38441	1.56606
1097.45567	1.54453
1095.52692	1.52599
1093.59818	1.51871
1091.66943	1.53135
1089.74069	1.57146
1087.81195	1.63959
1085.88320	1.72243
1083.95446	1.79484
1082.02571	1.83634
1080.09697	1.84283
1078.16822	1.81712
1076.23948	1.76207
1074.31073	1.68507
1072.38199	1.59886
1070.45324	1.51566
1068.52450	1.44275
1066.59576	1.38257
1064.66701	1.33468
1062.73827	1.29711
1060.80952	1.26701
1058.88078	1.24185
1056.95203	1.22041
1055.02329	1.20219
1053.09454	1.18663
1051.16580	1.17321
1049.23705	1.16177
1047.30831	1.15244
1045.37956	1.14565
1043.45082	1.14269
1041.52208	1.14583
1039.59333	1.15870
1037.66459	1.18675
1035.73584	1.23702
1033.80710	1.31644
1031.87835	1.42733
1029.94961	1.56014
1028.02086	1.68852
1026.09212	1.77932
1024.16337	1.81755
1022.23463	1.81244
1020.30589	1.78351
1018.37714	1.75313
1016.44840	1.73768
1014.51965	1.73516
1012.59091	1.72030
1010.66216	1.65791
1008.73342	1.54349
1006.80467	1.41324
1004.87593	1.29998
1002.94718	1.21229
1001.01844	1.14542
999.08969	1.09308
997.16095	1.05079
995.23221	1.01562
993.30346	0.98582
991.37472	0.96047
989.44597	0.93917
987.51723	0.92180
985.58848	0.90835
983.65974	0.89878
981.73099	0.89298
979.80225	0.89086
977.87350	0.89247
975.94476	0.89783
974.01602	0.90680
972.08727	0.91881
970.15853	0.93246
968.22978	0.94516
966.30104	0.95359
964.37229	0.95717
962.44355	0.96289
960.51480	0.98129
958.58606	1.01561
956.65731	1.05754
954.72857	1.09154
952.79982	1.10377
950.87108	1.09205
948.94234	1.06533
947.01359	1.03555
945.08485	1.01586
943.15610	1.02168
941.22736	1.06870
939.29861	1.17084
937.36987	1.33586
935.44112	1.55052
933.51238	1.75645
931.58363	1.87571
929.65489	1.90394
927.72615	1.86712
925.79740	1.75428
923.86866	1.58448
921.93991	1.41270
920.01117	1.26791
918.08242	1.15082
916.15368	1.05706
914.22493	0.98616
912.29619	0.93842
910.36744	0.91136
908.43870	0.89996
906.50995	0.89833
904.58121	0.90087
902.65247	0.90312
900.72372	0.90240
898.79498	0.89796
896.86623	0.89066
894.93749	0.88249
893.00874	0.87609
891.08000	0.87468
889.15125	0.88226
887.22251	0.90211
885.29376	0.93391
883.36502	0.97454
881.43628	1.02514
879.50753	1.09678
877.57879	1.20436
875.65004	1.35271
873.72130	1.52410
871.79255	1.67838
869.86381	1.77941
867.93506	1.82399
866.00632	1.83193
864.07757	1.82296
862.14883	1.80835
860.22008	1.79285
858.29134	1.77859
856.36260	1.76672
854.43385	1.75814
852.50511	1.75268
850.57636	1.74922
848.64762	1.74627
846.71887	1.74229
844.79013	1.73662
842.86138	1.72810
840.93264	1.71183
839.00389	1.67673
837.07515	1.61066
835.14641	1.51361
833.21766	1.40205
831.28892	1.29633
829.36017	1.20731
827.43143	1.13493
825.50268	1.07412
823.57394	1.01988
821.64519	0.96936
819.71645	0.92207
817.78770	0.87891
815.85896	0.84089
813.93021	0.80862
812.00147	0.78207
810.07273	0.76045
808.14398	0.74255
806.21524	0.72759
804.28649	0.71569
802.35775	0.70751
800.42900	0.70354
798.50026	0.70372
796.57151	0.70786
794.64277	0.71622
792.71402	0.73069
790.78528	0.75561
788.85654	0.79606
786.92779	0.85347
784.99905	0.92325
783.07030	0.99741
781.14156	1.07027
779.21281	1.14223
777.28407	1.21949
775.35532	1.31041
773.42658	1.41748
771.49783	1.52346
769.56909	1.58236
767.64034	1.54769
765.71160	1.42921
763.78286	1.28264
761.85411	1.15167
759.92537	1.05115
757.99662	0.97864
756.06788	0.92696
754.13913	0.89006
752.21039	0.86354
750.28164	0.84396
748.35290	0.82935
746.42415	0.81949
744.49541	0.81495
742.56667	0.81536
740.63792	0.81889
738.70918	0.82339
736.78043	0.82761
734.85169	0.83155
732.92294	0.83600
730.99420	0.84199
729.06545	0.85042
727.13671	0.86196
725.20796	0.87674
723.27922	0.89477
721.35047	0.91823
719.42173	0.95198
717.49299	0.99893
715.56424	1.05633
713.63550	1.11434
711.70675	1.15752
709.77801	1.17254
707.84926	1.15337
705.92052	1.10434
703.99177	1.04209
702.06303	0.98848
700.13428	0.95883
698.20554	0.95831
696.27680	0.98394
694.34805	1.02761
692.41931	1.07962
690.49056	1.13144
688.56182	1.17686
686.63307	1.21110
684.70433	1.23153
682.77558	1.23764
680.84684	1.22841
678.91809	1.20310
676.98935	1.16294
675.06060	1.11291
673.13186	1.06165
671.20312	1.01642
669.27437	0.96912
667.34563	0.91924
665.41688	0.89027
663.48814	0.87434
661.55939	0.86445
659.63065	0.86458
657.70190	0.87674
655.77316	0.89947
653.84441	0.92947
651.91567	0.96219
649.98693	0.99355
648.05818	1.02192
646.12944	1.04827
644.20069	1.07555
642.27195	1.10665
640.34320	1.14307
638.41446	1.18427
636.48571	1.23009
634.55697	1.28183
632.62822	1.34005
630.69948	1.40278
628.77073	1.46359
626.84199	1.51168
624.91325	1.53054
622.98450	1.50850
621.05576	1.45644
619.12701	1.39935
617.19827	1.35489
615.26952	1.32714
613.34078	1.31013
611.41203	1.29501
609.48329	1.27664
607.55454	1.25315
605.62580	1.22461
603.69705	1.19208
601.76831	1.15630
599.83957	1.11820
597.91082	1.08113
595.98208	1.04918
594.05333	1.02396
592.12459	1.00473
590.19584	0.98995
588.26710	0.97830
586.33835	0.96857
584.40961	0.96004
582.48086	0.95214
580.55212	0.94424
578.62338	0.93661
576.69463	0.92992
574.76589	0.92525
572.83714	0.92343
570.90840	0.92411
568.97965	0.92645
567.05091	0.92945
565.12216	0.93214
563.19342	0.93359
561.26467	0.93304
559.33593	0.92980
557.40718	0.92319
555.47844	0.91270
553.54970	0.89879
551.62095	0.88319
549.69221	0.86860
547.76346	0.85915
545.83472	0.85895
543.90597	0.87024
541.97723	0.89339
540.04848	0.92750
538.11974	0.96965
536.19099	1.01517
534.26225	1.05823
532.33351	1.09391
530.40476	1.12090
528.47602	1.14097
526.54727	1.15738
524.61853	1.17048
522.68978	1.17828
520.76104	1.18085
518.83229	1.17862
516.90355	1.17122
514.97480	1.16006
513.04606	1.14780
511.11731	1.13792
509.18857	1.13479
507.25983	1.13909
505.33108	1.14581
503.40234	1.14870
501.47359	1.14481
499.54485	1.13476
497.61610	1.12074
495.68736	1.10458
493.75861	1.08699
491.82987	1.06756
489.90112	1.04726
487.97238	1.02751
486.04364	1.00741
484.11489	0.98566
482.18615	0.96311
480.25740	0.94013
478.32866	0.91597
476.39991	0.89226
474.47117	0.87060
472.54242	0.85036
470.61368	0.83392
468.68493	0.82177
466.75619	0.81047
464.82744	0.79905
462.89870	0.78710
460.96996	0.77484
459.04121	0.76248
457.11247	0.75021
455.18372	0.74183
453.25498	0.73754
451.32623	0.73551
449.39749	0.73484
447.46874	0.73467
445.54000	0.73427
443.61125	0.73292
441.68251	0.73063
439.75377	0.72800
437.82502	0.72501
435.89628	0.72143
433.96753	0.71831
432.03879	0.71646
430.11004	0.71584
428.18130	0.71618
426.25255	0.71674
424.32381	0.71709
422.39506	0.71702
420.46632	0.71685
418.53757	0.71889
416.60883	0.72449
414.68009	0.73180
412.75134	0.73811
410.82260	0.73696
408.89385	0.72540
406.96511	0.70926
405.03636	0.69578
403.10762	0.68746
401.17887	0.68287
399.25013	0.68023
